VCD info: dumpfile dump.vcd opened for output.
// Address: 0x00
28
90
00
00
00
00
00
00
00
00
00
00
00
00
00
00
// Address: 0x10
00
00
00
00
00
00
00
00
00
00
00
00
00
00
00
00
// Address: 0x20
00
00
00
00
00
00
00
00
0a
c0
00
c1
b0
c2
20
b5
// Address: 0x30
00
c6
12
31
50
75
00
80
30
a0
50
75
00
d5
ff
ff
// Address: 0x40
00
00
00
00
00
00
00
00
00
00
00
00
00
00
00
00
// Address: 0x50
00
00
00
00
00
00
00
00
00
00
00
00
00
00
00
00
// Address: 0x60
00
00
00
00
00
00
00
00
00
00
00
00
00
00
00
00
// Address: 0x70
00
00
00
00
00
00
00
00
00
00
00
00
00
00
00
00
// Address: 0x80
00
00
00
00
00
00
00
00
00
00
00
00
00
00
00
00
// Address: 0x90
00
00
00
00
00
00
00
00
00
00
00
00
00
00
00
00
// Address: 0xa0
00
00
00
00
00
00
00
00
00
00
00
00
00
00
00
00
// Address: 0xb0
01
00
02
00
03
00
04
00
05
00
00
00
00
00
00
00
// Address: 0xc0
00
00
00
00
00
00
00
00
00
00
00
00
00
00
00
00
// Address: 0xd0
00
00
00
00
00
00
00
00
00
00
00
00
00
00
00
00
// Address: 0xe0
00
00
00
00
00
00
00
00
00
00
00
00
00
00
00
00
// Address: 0xf0
00
00
00
00
00
00
00
00
00
00
00
00
00
00
00

// Address: 0x00
28
90
00
00
00
00
00
00
00
00
00
00
00
00
00
00
// Address: 0x10
00
00
00
00
00
00
00
00
00
00
00
00
00
00
00
00
// Address: 0x20
00
00
00
00
00
00
00
00
0a
c0
00
c1
b0
c2
20
b5
// Address: 0x30
00
c6
12
31
50
75
00
80
30
a0
50
75
00
d5
ff
ff
// Address: 0x40
00
00
00
00
00
00
00
00
00
00
00
00
00
00
00
00
// Address: 0x50
00
00
00
00
00
00
00
00
00
00
00
00
00
00
00
00
// Address: 0x60
00
00
00
00
00
00
00
00
00
00
00
00
00
00
00
00
// Address: 0x70
00
00
00
00
00
00
00
00
00
00
00
00
00
00
00
00
// Address: 0x80
00
00
00
00
00
00
00
00
00
00
00
00
00
00
00
00
// Address: 0x90
00
00
00
00
00
00
00
00
00
00
00
00
00
00
00
00
// Address: 0xa0
00
00
00
00
00
00
00
00
00
00
00
00
00
00
00
00
// Address: 0xb0
01
00
02
00
03
00
04
00
05
00
00
00
00
00
00
00
// Address: 0xc0
00
00
00
00
00
00
00
00
00
00
00
00
00
00
00
00
// Address: 0xd0
00
00
00
00
00
00
00
00
00
00
00
00
00
00
00
00
// Address: 0xe0
00
00
00
00
00
00
00
00
00
00
00
00
00
00
00
00
// Address: 0xf0
00
00
00
00
00
00
00
00
00
00
00
00
00
00
00

CPUSystem.v:690: $finish called at 2520000 (1ps)
